  8.3606500e+000
  9.9805700e+000
  6.7641400e+000
  1.1036100e+001
  7.7868400e+000
  9.9883500e+000
  1.3227200e+001
  1.3950300e+001
  8.6288400e+000
  2.0067200e+001
  1.6705900e+001
  2.2254100e+001
  1.9609400e+001
  3.5630200e+001
  8.8558900e+000
  1.8667100e+001
  1.0222200e+001
  9.8808300e+000
  7.8048700e+000
  9.2285700e+000
  1.0832600e+001
  1.4805600e+001
  9.1527600e+000
  8.7999600e+000
  6.3757300e+000
  1.1195400e+001
  1.0199500e+001
  1.6090400e+001
  1.8478900e+001
  2.0146600e+001
  1.4984300e+001
  2.0570700e+001
  2.0518900e+001
  1.7396900e+001
  1.6336700e+001
  1.2490000e+001
  8.6665300e+000
  1.0070200e+001
  2.5476500e+001
  2.9738500e+001
  2.3679800e+001
  1.7666400e+001
  1.5815400e+001
  1.9551600e+001
  2.1600800e+001
  2.6248100e+001
  2.5768800e+001
  2.4890200e+001
  2.3822600e+001
  2.0955700e+001
  1.7176400e+001
  1.6631600e+001
  1.6089700e+001
  1.4431400e+001
  2.1130100e+000
  2.3186300e+000
  1.0179600e+001
  1.4528700e+001
  1.2022700e+001
  1.8386300e+000
  4.5523900e+000
  1.2992200e+001
  1.0684100e+001
  6.9501300e+000
  6.6563600e+000
  1.2639300e+000
  6.1422400e+000
  5.6818200e+000
  4.7029200e+000
  2.2811300e+000
  1.6840600e+000
  6.0904800e-001
 -3.4360800e-003
  7.9810900e-001
  8.5355000e+000
  2.5437100e+000
  2.5232900e-001
 -1.0832400e-001
 -8.3999300e-002
 -1.9410000e-002
  4.9826100e-001
  3.6475200e-002
 -1.9439600e-002
 -2.5015000e-001
 -1.0313700e-001
  2.1361400e-001
 -4.4936800e-002
  3.9897400e-001
 -1.5220700e-001
 -8.5584500e-002
  4.1126400e-001
  1.2984000e+000
  4.1027900e-001
  2.7311200e+000
  1.1293000e+000
 -8.2746900e-003
  1.4258500e+000
  6.6200400e-001
  2.3273800e+000
  9.1787600e-001
  5.6575100e-001
  8.5247800e-002
  9.2883600e-001
  3.2856800e+000
 -1.9449100e-002
  1.4404700e-001
 -1.9440900e-002
  1.9940700e-002
  2.1678800e+000
  8.0690300e-001
 -1.0556400e-001
 -1.9447600e-002
 -1.9518100e-002
 -1.0028100e-001
  1.9114400e+000
 -1.9451900e-002
  3.4067900e-002
 -1.9381800e-001
 -1.0777700e-001
  3.8594300e-001
  6.1089900e-001
  3.5232600e+000
  5.5496400e-001
  1.5528200e+000
  2.3334900e+000
  5.9844700e+000
  7.7354200e+000
  1.8131000e+000
  5.5784500e-001
  1.5531800e+000
  3.8736100e+000
  1.5650300e+000
  1.4217200e+001
  8.1170600e+000
  1.3295200e+001
  6.8312400e+000
  6.3602400e+000
  7.8115600e+000
  4.5839000e+000
  1.7009300e+000
  1.5661000e+001
  9.2774100e+000
  1.4024000e+001
