  5.4628680e+000
  5.6435040e+000
  6.8181840e+000
  6.6595680e-001
  2.7823560e+000
  2.6014560e+000
  6.7890120e-001
  1.1146032e+000
 -1.0832400e-001
  7.3085760e-001
  4.7876880e-001
  5.9791320e-001
 -8.5584500e-002
 -8.3999300e-002
 -4.4936800e-002
 -2.5015000e-001
 -1.9447600e-002
 -1.9518100e-002
 -1.9449100e-002
 -1.9439600e-002
 -1.9451900e-002
 -1.9410000e-002
 -1.9381800e-001
  2.5356120e+000
  2.0411160e+000
 -3.4360800e-003
  1.5167160e+000
  3.2773440e+000
  2.1757200e+000
  7.9440480e-001
 -1.0556400e-001
  1.0229736e-001
 -8.2746900e-003
  4.0881480e-002
 -1.5220700e-001
  2.3928840e-002
 -1.0028100e-001
 -1.9440900e-002
  4.3770240e-002
  2.5633680e-001
  1.7110200e+000
  4.9233480e-001
  2.0208720e+000
 -1.0777700e-001
  2.2063560e+000
  3.0524520e+000
  1.5580800e+000
  3.0279480e-001
  4.2279120e+000
  6.6941400e-001
  7.3706880e+000
  9.3658440e+000
  1.1986020e+001
  2.2937280e+000
  9.6828360e-001
  4.6483320e+000
  5.5006800e+000
  8.3401560e+000
  2.8001880e+000
  1.8780360e+000
  1.1014512e+000
  4.9351680e-001
  9.5773080e-001
  4.6313160e-001
 -1.0313700e-001
  1.8633840e+000
  1.8638160e+000
  1.3551600e+000
  1.7285640e-001
  2.7373560e+000
  7.1813640e+000
  2.7928560e+000
  7.3307880e-001
  9.3442080e+000
  1.0354608e+001
  1.1856996e+001
  8.1974880e+000
  1.2084240e+001
  1.0559952e+001
  2.0047080e+001
  1.8793200e+001
  1.7981160e+001
  1.2820920e+001
  2.2400520e+001
  4.2756240e+001
  3.0571800e+001
  3.1497720e+001
  2.2174680e+001
  1.3434480e+001
  1.9604040e+001
  1.3243320e+001
  2.5146840e+001
  2.3461920e+001
  2.4175920e+001
  1.9308480e+001
  2.4080640e+001
  1.5872640e+001
  2.4684840e+001
  1.7060640e+001
  2.5920960e+001
  2.0876280e+001
  3.0922560e+001
  2.9868240e+001
  3.5686200e+001
  1.5590640e+001
  1.6740360e+001
  1.2239400e+001
  2.4622680e+001
  7.6322880e+000
  1.4988000e+001
  2.0611680e+001
  1.2999120e+001
  9.3738720e+000
  1.8978480e+001
  1.7766720e+001
  2.8415760e+001
  1.7317680e+001
  1.1976684e+001
  1.0627068e+001
  2.8587120e+001
  2.1199680e+001
  2.6704920e+001
  1.7434440e+001
  1.2215520e+001
  1.0242600e+001
  1.4427240e+001
  1.1074284e+001
  7.6508760e+000
  9.2825040e+000
  7.9876320e+000
  3.9428160e+000
  1.5954240e+001
  1.9957920e+001
  2.3531280e+001
  1.9307640e+001
  1.6828800e+001
  9.7404720e+000
  1.0032780e+001
  1.0399836e+001
  1.0983312e+001
  1.1132892e+001
  8.1169680e+000
  1.2266640e+001
